,연료별,시도별,합계,서울,부산,대구,인천,광주,대전,울산,세종,경기,강원,충북,충남,전북,전남,경북,경남,제주,계,Unnamed: 21,친환경
17,휘발유,소계,계,1609709.0,663949.0,562205.0,764837.0,296443.0,326015.0,280929.0,81624.0,2776292.0,333513.0,364725.0,481775.0,376381.0,397034.0,616832.0,808648.0,249045.0,10989956.0,,비친환경
34,경유,소계,계,1122681.0,563216.0,471012.0,678799.0,273494.0,259449.0,228705.0,63214.0,2404009.0,370048.0,382296.0,523973.0,438902.0,530037.0,669065.0,738877.0,253643.0,9971420.0,,비친환경
51,엘피지,소계,계,271250.0,119385.0,114472.0,135613.0,86958.0,69189.0,38112.0,12221.0,411812.0,60544.0,69429.0,86422.0,93762.0,105486.0,127846.0,137952.0,65536.0,2005989.0,,비친환경
68,등유,소계,계,0.0,0.0,0.0,0.0,0.0,0.0,0.0,0.0,0.0,0.0,0.0,0.0,0.0,0.0,0.0,1.0,0.0,1.0,,비친환경
85,전기,소계,계,15353.0,3223.0,11274.0,2660.0,2479.0,2618.0,1441.0,911.0,11809.0,2448.0,2427.0,2848.0,1872.0,3326.0,4071.0,3634.0,18307.0,90701.0,,친환경
102,알코올,소계,계,0.0,1.0,0.0,0.0,0.0,0.0,0.0,0.0,0.0,0.0,0.0,0.0,0.0,0.0,0.0,0.0,0.0,1.0,,비친환경
136,CNG,소계,계,9429.0,2959.0,2617.0,2764.0,1408.0,1672.0,821.0,160.0,9153.0,764.0,732.0,595.0,1054.0,1049.0,1153.0,1696.0,10.0,38036.0,,비친환경
153,LNG,소계,계,0.0,0.0,0.0,3.0,0.0,0.0,0.0,0.0,0.0,0.0,0.0,1.0,0.0,0.0,1.0,0.0,0.0,5.0,,비친환경
170,하이브리드(휘발유+전기),소계,계,90618.0,27707.0,25354.0,39937.0,12779.0,12600.0,10010.0,5412.0,138782.0,13421.0,13531.0,17366.0,14173.0,14520.0,20663.0,26295.0,12336.0,495504.0,,친환경
187,하이브리드(경유+전기),소계,계,100.0,154.0,108.0,103.0,9.0,12.0,5.0,1.0,106.0,8.0,9.0,7.0,17.0,14.0,4.0,22.0,13.0,692.0,,친환경
204,하이브리드(LPG+전기),소계,계,1907.0,833.0,964.0,791.0,705.0,556.0,537.0,182.0,3989.0,716.0,729.0,791.0,817.0,911.0,1088.0,1105.0,325.0,16946.0,,친환경
221,하이브리드(CNG+전기),소계,계,51.0,2.0,13.0,39.0,26.0,0.0,46.0,27.0,79.0,0.0,3.0,0.0,9.0,0.0,31.0,1.0,0.0,327.0,,친환경
255,수소,소계,계,603.0,552.0,5.0,242.0,488.0,206.0,1338.0,18.0,596.0,141.0,103.0,283.0,9.0,3.0,8.0,571.0,1.0,5167.0,,친환경
272,기타연료,소계,계,5865.0,15077.0,3465.0,11652.0,3144.0,2948.0,4651.0,729.0,22436.0,3205.0,5207.0,7288.0,4235.0,8399.0,8999.0,7525.0,716.0,115541.0,,비친환경
289,총계,소계,계,3127566.0,1397058.0,1191489.0,1637440.0,677933.0,675265.0,566595.0,164499.0,5779063.0,784808.0,839191.0,1121349.0,931231.0,1060779.0,1449761.0,1726327.0,599932.0,23730286.0,,비친환경
