,연료별,시도별,합계,서울,부산,대구,인천,광주,대전,울산,세종,경기,강원,충북,충남,전북,전남,경북,경남,제주,계,Unnamed: 21,친환경
17,휘발유,소계,계,1630627.0,680908.0,578619.0,792683.0,302872.0,333048.0,286539.0,84925.0,2881842.0,344484.0,379650.0,496877.0,385599.0,412819.0,626947.0,832060.0,264780.0,11315279.0,,비친환경
34,경유,소계,계,1113713.0,561999.0,474675.0,670458.0,274011.0,257519.0,227232.0,63966.0,2425638.0,373562.0,383073.0,524202.0,437154.0,534340.0,670783.0,740070.0,254930.0,9987325.0,,비친환경
51,엘피지,소계,계,262437.0,118926.0,113058.0,132802.0,87890.0,69049.0,37550.0,12247.0,411953.0,60263.0,69979.0,87257.0,94511.0,105844.0,127248.0,137355.0,63122.0,1991491.0,,비친환경
68,등유,소계,계,0.0,0.0,0.0,0.0,0.0,0.0,0.0,0.0,0.0,0.0,0.0,0.0,0.0,0.0,0.0,1.0,0.0,1.0,,비친환경
85,전기,소계,계,22118.0,4420.0,12552.0,4639.0,3151.0,4083.0,2204.0,1100.0,18512.0,3340.0,3467.0,4547.0,2977.0,4759.0,5816.0,5617.0,21107.0,124409.0,,친환경
102,알코올,소계,계,0.0,1.0,0.0,0.0,0.0,0.0,0.0,0.0,0.0,0.0,0.0,0.0,0.0,0.0,0.0,0.0,0.0,1.0,,비친환경
136,CNG,소계,계,9346.0,2904.0,2538.0,2696.0,1352.0,1649.0,827.0,155.0,9066.0,699.0,731.0,591.0,1013.0,1026.0,1117.0,1637.0,9.0,37356.0,,비친환경
153,LNG,소계,계,0.0,1.0,0.0,3.0,0.0,0.0,0.0,0.0,0.0,0.0,0.0,1.0,0.0,0.0,1.0,0.0,0.0,6.0,,비친환경
170,하이브리드(휘발유+전기),소계,계,103771.0,33450.0,30140.0,49685.0,15226.0,15420.0,12105.0,6648.0,165986.0,15755.0,16238.0,20672.0,16680.0,18179.0,23859.0,32090.0,15458.0,591362.0,,친환경
187,하이브리드(경유+전기),소계,계,564.0,479.0,359.0,1350.0,70.0,74.0,44.0,21.0,638.0,52.0,157.0,80.0,93.0,81.0,64.0,150.0,66.0,4342.0,,친환경
204,하이브리드(LPG+전기),소계,계,1837.0,807.0,937.0,755.0,678.0,532.0,515.0,165.0,3918.0,704.0,706.0,759.0,842.0,897.0,1064.0,1086.0,344.0,16546.0,,친환경
221,하이브리드(CNG+전기),소계,계,51.0,2.0,13.0,39.0,26.0,0.0,46.0,27.0,79.0,0.0,3.0,0.0,9.0,0.0,31.0,1.0,0.0,327.0,,친환경
255,수소,소계,계,1184.0,832.0,61.0,427.0,638.0,447.0,1680.0,38.0,1394.0,810.0,294.0,426.0,321.0,100.0,14.0,827.0,1.0,9494.0,,친환경
272,기타연료,소계,계,6194.0,15330.0,3773.0,12233.0,3417.0,3213.0,4831.0,852.0,24525.0,3562.0,5737.0,7983.0,4563.0,8791.0,9622.0,8082.0,745.0,123453.0,,비친환경
289,총계,소계,계,3151842.0,1420059.0,1216725.0,1667770.0,689331.0,685034.0,573573.0,170144.0,5943551.0,803231.0,860035.0,1143395.0,943762.0,1086836.0,1466566.0,1758976.0,620562.0,24201392.0,,비친환경
